573,3
573,2
573,1
573,0
572,3
572,2
572,1
572,0
571,3
571,2
571,1
571,0
570,3
570,2
570,1
570,0
569,3
569,2
569,1
569,0
568,3
568,2
568,1
568,0
567,3
567,2
567,1
567,0
566,3
566,2
566,1
566,0
565,3
565,2
565,1
565,0
564,3
564,2
564,1
564,0
563,3
563,2
563,1
563,0
562,3
562,2
562,1
562,0
561,3
561,2
561,1
561,0
560,3
560,2
560,1
560,0
559,3
559,2
559,1
559,0
558,3
558,2
558,1
558,0
557,3
557,2
557,1
557,0
556,3
556,2
556,1
556,0
555,3
555,2
555,1
555,0
554,3
554,2
554,1
554,0
553,3
553,2
553,1
553,0
552,3
552,2
552,1
552,0
551,3
551,2
551,1
551,0
550,3
550,2
550,1
550,0
549,3
549,2
549,1
549,0
548,3
548,2
548,1
548,0
547,3
547,2
547,1
547,0
546,3
546,2
546,1
546,0
152,13
152,12
505,80
505,68
505,130
545,3
545,2
545,1
545,0
544,3
544,2
544,1
544,0
543,3
543,2
543,1
543,0
542,3
542,2
542,1
542,0
541,3
541,2
541,1
541,0
540,3
540,2
540,1
540,0
536,7
536,6
536,5
536,4
505,129
27,20
165,4
164,13
84,21
84,12
539,3
539,2
539,1
539,0
538,3
538,2
538,1
538,0
537,3
537,2
537,1
537,0
536,3
536,2
536,1
536,0
535,3
535,2
535,1
535,0
534,4
534,3
534,2
534,1
534,0
533,4
533,3
533,2
533,1
533,0
532,3
532,2
532,1
532,0
531,3
531,2
531,1
531,0
530,5
530,4
530,3
530,2
530,1
530,0
529,3
529,2
529,1
529,0
528,5
528,4
528,3
528,2
528,1
528,0
527,4
527,3
527,2
527,1
527,0
101,7
101,6
101,5
505,55
505,128
84,43
84,15
526,4
526,3
526,2
526,1
526,0
525,6
525,5
525,4
525,3
525,2
525,1
525,0
505,79
505,78
505,56
505,63
505,77
505,57
505,59
505,76
505,75
505,54
78,13
78,12
524,5
524,4
524,3
524,2
524,1
524,0
505,74
505,73
505,48
26,24
523,3
523,2
523,1
523,0
522,3
522,2
522,1
522,0
521,3
521,2
521,1
521,0
520,3
520,2
520,1
520,0
519,3
519,2
519,1
519,0
518,4
518,3
518,2
518,1
518,0
505,72
426,4
78,8
84,34
84,33
517,4
517,3
517,2
517,1
517,0
516,5
516,4
516,3
516,2
516,1
516,0
515,4
515,3
515,2
515,1
515,0
505,71
505,24
505,61
505,70
505,53
505,69
514,3
514,2
514,1
514,0
505,51
505,67
505,66
26,23
26,22
26,17
26,16
505,65
25,15
505,64
505,41
84,42
513,5
513,4
513,3
513,2
513,1
513,0
512,4
512,3
512,2
512,1
512,0
511,4
511,3
511,2
511,1
511,0
510,4
510,3
510,2
510,1
510,0
509,4
509,3
509,2
509,1
509,0
508,4
508,3
508,2
508,1
508,0
507,6
507,5
507,4
507,3
507,2
507,1
507,0
2,132
506,5
506,4
506,3
506,2
506,1
506,0
505,62
2,16
2,15
2,14
2,13
2,12
2,11
2,10
2,9
2,8
2,7
2,6
2,5
2,4
2,3
2,2
2,1
2,0
1,8
1,7
1,6
1,5
1,4
1,3
1,2
1,1
1,0
0,511
0,507
0,505
0,501
0,496
0,492
0,488
0,486
0,484
0,483
0,478
0,477
0,476
0,464
0,463
0,460
0,458
0,457
0,456
0,454
0,451
0,449
0,448
0,447
0,445
0,443
0,442
0,437
0,434
0,433
0,432
0,428
0,426
0,424
0,422
0,418
0,417
0,412
0,411
0,410
0,409
0,403
0,401
0,400
0,396
0,393
0,391
0,390
0,387
0,383
0,375
0,374
0,367
0,364
0,357
0,356
0,347
0,340
0,331
0,325
0,322
0,318
0,316
0,243
426,1
426,3
0,389
0,358
426,0
0,359
0,9
0,310
0,305
0,371
0,355
0,348
0,485
0,459
0,455
0,450
0,446
0,431
0,465
0,467
0,453
0,425
0,462
0,461
0,360
0,308
0,304
0,303
0,302
0,307
0,444
0,12
0,373
0,10
0,482
0,8
0,0
0,504
0,300
0,479
0,299
0,321
0,298
0,309
0,297
0,497
0,296
0,317
0,295
0,491
0,294
0,380
0,293
0,439
0,292
0,376
0,291
0,353
0,290
0,334
0,289
0,311
0,288
0,388
0,287
0,475
0,286
0,372
0,285
0,351
0,284
0,474
0,283
0,282
0,441
0,281
0,336
0,280
0,419
0,279
0,278
0,493
0,277
2,17
2,18
2,20
2,21
2,23
2,24
2,26
2,28
2,29
2,31
2,32
2,34
2,64
2,65
2,67
2,68
2,70
2,71
2,73
2,75
2,76
2,78
2,79
2,81
2,83
2,84
2,86
2,87
2,89
2,90
2,92
2,94
2,95
2,97
2,98
2,100
2,102
2,103
2,105
2,106
2,108
2,109
2,111
2,113
2,114
2,116
2,117
2,119
2,121
2,122
2,124
2,125
2,127
2,129
2,130
3,0
3,1
3,3
3,4
3,6
4,1
4,2
24,0
24,1
24,3
24,5
24,6
24,8
24,9
25,1
25,2
25,4
25,6
25,7
25,9
25,10
25,12
25,14
25,17
25,18
25,20
25,21
26,0
26,2
26,3
26,5
26,6
26,8
26,10
26,11
26,13
26,14
26,18
26,19
26,21
27,0
27,2
27,3
27,5
27,7
27,8
27,10
27,11
27,13
27,15
27,16
27,18
27,19
27,21
27,22
27,24
28,0
28,1
28,3
28,4
28,6
28,8
29,0
29,2
29,3
30,0
30,1
30,3
30,5
30,6
31,1
31,2
31,4
32,1
32,2
32,4
32,5
32,7
32,8
33,1
33,3
33,4
33,6
33,7
34,1
34,3
34,4
34,6
35,0
35,2
35,4
35,5
35,7
36,0
36,2
36,3
36,5
36,7
36,8
37,0
37,1
37,3
37,5
38,0
38,2
38,3
39,0
39,1
39,3
40,0
40,1
40,3
40,4
41,0
41,2
41,3
41,5
42,0
42,2
42,3
42,5
43,1
43,2
43,4
43,5
43,7
43,9
43,10
43,12
43,13
43,15
44,1
44,2
44,4
45,0
45,2
45,3
45,5
45,7
45,8
46,1
46,2
47,0
47,2
47,3
48,0
48,1
48,3
48,4
48,6
49,1
49,2
49,4
49,5
49,7
50,1
50,2
50,4
50,5
51,0
51,1
51,3
51,5
51,6
52,0
52,1
52,3
52,5
53,0
53,2
53,3
53,5
54,0
54,2
54,4
54,5
55,0
55,1
55,3
55,5
56,0
56,2
56,3
56,5
57,0
57,1
57,3
57,4
57,6
58,0
58,2
58,4
58,5
59,0
59,1
59,3
60,0
60,1
60,3
60,4
61,1
61,2
61,4
61,6
61,7
62,0
62,1
62,3
62,5
62,6
62,8
62,9
62,11
62,12
62,14
62,16
62,17
63,0
63,1
63,3
63,5
64,0
64,2
64,3
64,5
65,0
65,1
65,3
65,4
66,1
66,2
66,4
67,0
67,1
67,3
67,4
67,6
67,8
67,9
68,1
68,2
68,4
68,5
69,0
69,2
69,3
69,5
69,6
70,1
70,3
70,4
70,6
71,0
71,2
71,3
71,5
71,7
72,0
72,2
72,3
72,5
72,7
73,0
73,2
73,3
73,5
73,7
74,0
74,2
74,3
74,5
74,6
74,8
74,10
75,0
75,2
75,3
75,5
76,1
76,2
76,4
76,5
77,0
77,1
77,3
78,1
78,2
78,4
78,5
78,7
78,9
78,10
79,0
79,1
79,3
79,4
79,6
80,1
80,2
80,4
80,5
81,0
81,2
81,3
81,5
81,6
82,1
82,2
82,4
82,6
83,0
83,2
83,3
83,5
83,7
83,8
83,10
84,0
84,2
84,4
84,5
84,7
84,8
84,10
84,11
84,13
84,16
84,18
84,19
84,23
84,24
84,26
84,27
84,29
84,30
84,32
84,35
84,37
84,38
84,40
85,0
85,1
85,3
85,4
85,6
86,0
86,2
86,4
86,5
87,1
87,2
88,0
88,2
88,3
89,1
89,2
89,4
90,1
90,2
90,4
90,5
90,7
91,0
91,2
91,4
91,5
91,7
92,0
92,2
92,4
92,5
93,0
93,1
93,3
93,4
94,0
94,2
94,3
94,5
94,6
95,1
95,3
95,4
95,6
96,0
96,2
96,3
97,0
97,2
97,3
98,0
98,1
98,3
99,0
99,1
99,3
99,4
99,6
99,7
100,1
100,3
100,4
100,6
101,0
101,2
101,4
102,0
102,2
102,3
103,0
103,2
103,3
104,0
104,1
104,3
104,4
105,1
105,3
106,0
106,2
106,3
106,5
107,1
107,2
107,4
108,0
108,2
108,3
109,0
109,2
109,3
110,0
110,1
110,3
111,1
111,2
112,0
112,1
112,3
112,4
113,1
113,3
113,4
114,1
114,2
114,4
114,6
115,0
115,2
115,3
116,0
116,2
116,3
117,0
117,1
117,3
117,4
118,1
118,3
118,4
119,0
119,1
119,3
119,5
119,6
120,0
120,1
120,3
120,4
120,6
121,1
121,2
121,4
121,5
122,1
122,3
122,4
122,6
122,7
122,9
122,10
122,12
123,1
123,2
123,4
123,5
123,7
123,9
124,0
124,2
124,3
124,5
124,6
124,8
125,0
125,1
125,3
125,4
125,6
125,8
125,9
126,1
126,2
126,4
126,6
126,7
126,9
126,10
127,0
127,1
127,3
127,5
127,6
127,8
127,9
127,11
128,0
128,1
128,3
128,4
129,1
129,2
129,4
129,6
129,7
130,1
130,2
131,0
131,2
131,3
131,5
132,0
132,2
132,3
132,5
132,7
133,0
133,2
133,3
134,0
134,2
134,3
134,5
134,6
135,0
135,2
135,3
135,5
136,0
136,2
136,3
136,5
137,1
137,2
137,4
137,5
138,0
138,2
138,3
138,5
139,0
139,2
139,3
140,0
140,2
140,3
140,5
140,6
141,1
141,3
141,4
142,0
142,1
142,3
142,4
143,1
143,3
143,4
144,0
144,1
144,3
144,5
145,0
145,2
145,3
146,1
146,3
146,4
147,0
147,1
147,3
147,4
148,0
148,2
148,3
148,5
148,6
149,1
149,3
149,4
150,0
150,1
150,3
150,4
151,1
151,3
152,0
152,2
152,3
152,5
152,7
152,8
152,10
152,11
153,1
153,2
153,4
154,0
154,1
154,3
154,4
154,6
155,1
155,2
156,0
156,1
156,3
156,4
157,0
157,2
157,3
158,1
158,2
158,4
159,1
159,2
159,4
160,0
160,2
160,4
160,5
161,0
161,1
161,3
161,4
161,6
162,1
162,2
162,4
162,5
163,1
163,3
163,4
164,1
164,2
164,4
164,5
164,7
164,9
164,10
164,12
165,0
165,2
165,3
165,5
165,6
166,0
166,1
166,3
166,5
167,0
167,2
167,3
167,5
167,7
167,8
168,0
168,1
168,3
168,5
169,0
169,2
169,3
170,0
170,1
170,3
170,5
170,6
171,0
171,1
171,3
172,1
172,2
173,0
173,1
173,3
173,4
173,6
174,0
174,1
174,3
174,4
175,0
175,2
175,3
175,5
175,6
176,1
176,2
176,4
177,0
177,1
177,3
177,4
178,0
178,2
178,3
178,5
178,6
179,0
179,1
179,3
179,5
180,0
180,2
180,3
180,5
181,1
181,2
181,4
181,5
181,7
182,1
182,2
182,4
182,5
183,0
183,1
183,3
184,0
184,1
184,3
184,4
184,6
185,1
185,2
185,4
185,5
186,0
186,1
186,3
187,0
187,1
187,3
187,4
187,6
188,0
188,1
188,3
188,4
188,6
189,0
189,2
189,4
189,5
189,7
190,0
190,2
190,4
191,0
191,2
191,3
191,5
192,1
192,2
192,4
193,0
193,2
193,3
193,5
194,0
194,1
194,3
194,4
194,6
195,1
195,2
195,4
195,5
196,0
196,1
196,3
197,0
197,1
197,3
197,4
197,6
198,1
198,2
198,4
199,0
199,2
199,3
199,5
200,0
200,1
200,3
200,4
200,6
201,1
201,2
201,4
202,0
202,2
202,3
202,5
203,1
203,2
203,4
204,0
204,2
204,4
204,5
204,7
205,0
205,2
205,4
205,5
206,1
206,2
206,4
206,5
206,7
207,1
207,2
207,4
207,5
207,7
208,0
208,1
208,3
208,4
208,6
208,7
209,1
209,3
209,4
210,0
210,1
210,3
210,5
210,6
211,1
211,2
211,4
211,5
212,0
212,2
212,3
212,5
212,6
213,1
213,3
213,4
214,0
214,1
214,3
214,5
215,0
215,2
215,3
215,5
216,0
216,2
216,4
216,5
217,1
217,2
217,4
217,6
217,7
218,1
218,2
218,4
218,5
219,1
219,3
219,4
219,6
220,0
220,2
220,4
220,5
220,7
220,8
221,1
221,2
221,4
222,0
222,1
222,3
223,0
223,2
223,4
223,5
224,1
224,2
224,4
224,6
225,0
225,2
225,3
225,5
225,6
226,1
226,3
226,4
227,0
227,1
227,3
227,5
228,0
228,2
228,3
228,5
228,6
229,1
229,3
229,4
230,0
230,1
230,3
230,5
231,0
231,2
231,3
231,5
231,6
232,1
232,3
232,4
233,0
233,1
233,3
233,5
233,6
234,1
234,2
234,4
234,5
235,1
235,3
235,4
235,6
236,0
236,2
236,4
236,5
237,1
237,2
237,4
237,6
238,0
238,2
238,3
238,5
239,0
239,2
239,4
239,5
240,1
240,2
240,4
240,6
240,7
240,9
241,0
241,2
241,3
242,0
242,2
242,3
242,5
243,0
243,2
243,4
243,5
244,1
244,2
244,4
244,5
245,1
245,3
245,4
246,1
246,2
246,4
246,6
246,7
247,0
247,1
247,3
248,0
248,1
248,3
248,4
249,1
249,2
249,4
249,6
249,7
250,1
250,2
250,4
251,1
251,2
251,4
251,5
252,0
252,1
252,3
252,5
252,6
253,1
253,2
253,4
253,6
254,0
254,2
254,3
254,5
254,6
255,1
255,3
255,4
255,6
256,0
256,2
256,4
256,5
256,7
257,0
257,2
257,3
258,1
258,3
258,4
259,1
259,2
259,4
260,1
260,2
260,4
261,0
261,2
261,4
261,5
262,1
262,2
262,4
262,5
263,1
263,3
263,4
264,1
264,2
264,4
265,1
265,2
265,4
265,5
266,1
266,2
266,4
267,0
267,1
267,3
267,4
268,1
268,3
268,4
269,1
269,2
269,4
270,0
270,2
270,4
270,5
271,0
271,1
271,3
272,0
272,1
272,3
272,4
273,1
273,3
273,4
274,1
274,2
274,4
275,0
275,2
275,4
276,0
276,2
276,3
277,0
277,2
277,3
278,0
278,1
278,3
278,4
279,1
279,3
279,4
280,1
280,2
280,4
281,1
281,2
281,4
282,0
282,2
282,3
283,0
283,2
283,3
284,0
284,1
284,3
284,5
285,0
285,2
285,3
286,0
286,1
286,3
286,5
287,0
287,2
287,3
288,0
288,2
288,3
289,0
289,1
289,3
290,0
290,1
290,3
290,4
291,0
291,1
291,3
291,5
291,6
291,8
292,0
292,2
292,4
292,5
292,7
293,0
293,2
293,3
293,5
293,7
294,0
294,2
294,3
294,5
295,1
295,2
295,4
295,5
296,0
296,1
296,3
296,5
296,6
297,1
297,2
297,4
298,1
298,2
298,4
298,5
298,7
299,1
299,2
299,4
299,5
300,1
300,2
301,0
301,2
301,3
301,5
301,6
302,0
302,2
302,3
302,5
302,6
303,0
303,1
303,3
304,0
304,1
304,3
304,4
305,1
305,3
305,4
306,1
306,2
306,4
306,5
306,7
307,1
307,2
307,4
307,5
307,7
308,1
308,2
308,4
308,5
308,7
309,0
309,1
309,3
309,4
310,1
310,2
310,4
311,1
311,2
311,4
311,5
312,0
312,2
312,3
313,0
313,1
313,3
313,4
314,0
314,2
314,3
314,5
315,0
315,2
315,4
315,5
316,1
316,2
316,4
317,0
317,2
317,4
318,0
318,2
318,3
318,5
319,1
319,2
319,4
319,5
320,0
320,1
320,3
320,5
321,0
321,2
321,3
321,5
322,0
322,1
322,3
322,4
322,6
323,1
323,2
323,4
323,5
324,1
324,2
324,4
325,1
325,2
325,4
326,0
326,2
326,4
326,5
326,7
327,0
327,2
327,3
327,5
327,7
327,8
328,0
328,1
328,3
328,5
328,6
329,1
329,2
329,4
329,5
330,0
330,2
330,3
330,5
330,6
331,1
331,3
331,4
331,6
331,7
332,1
332,3
332,4
333,1
333,2
333,4
333,5
333,7
334,1
334,2
334,4
334,5
335,0
335,2
335,3
336,0
336,1
336,3
336,4
336,6
337,1
337,2
337,4
338,0
338,2
338,4
339,0
339,2
339,3
339,5
340,0
340,2
341,0
341,1
341,3
341,4
342,1
342,3
342,4
342,6
342,7
343,0
343,1
343,3
343,5
344,0
344,2
344,3
345,0
345,2
345,3
346,0
346,1
346,3
347,0
347,1
347,3
347,4
348,1
348,2
348,4
349,0
349,1
349,3
349,4
349,6
350,0
350,1
350,3
350,4
351,0
351,1
351,3
351,5
352,0
352,2
352,3
352,5
353,0
353,1
353,3
353,4
353,6
354,0
354,2
354,4
355,0
355,2
355,3
356,0
356,2
356,3
356,5
356,6
357,1
357,3
357,4
358,1
358,2
358,4
358,5
358,7
359,1
359,2
359,4
360,0
360,2
360,4
360,5
361,1
361,2
361,4
362,0
362,2
362,4
363,0
363,2
363,3
363,5
364,1
364,2
364,4
364,5
365,1
365,2
365,4
366,1
366,2
366,4
366,5
367,0
367,2
367,3
367,5
367,6
367,8
368,0
368,2
368,4
368,5
369,1
369,2
369,4
370,1
370,2
370,4
371,0
371,2
371,4
371,5
372,1
372,2
372,4
373,0
373,2
373,4
374,0
374,2
374,3
375,0
375,2
375,3
375,5
375,6
376,0
376,1
376,3
376,5
377,0
377,2
377,3
377,5
378,0
378,1
378,3
378,4
379,0
379,1
379,3
379,5
379,6
380,1
380,2
380,4
381,0
381,1
381,3
381,4
381,6
382,1
382,2
382,4
382,5
383,1
383,2
383,4
384,1
384,2
385,0
385,1
385,3
385,5
385,6
386,1
386,2
386,4
386,5
387,1
387,3
387,4
388,1
388,2
388,4
389,1
389,2
389,4
389,5
390,1
390,2
390,4
391,0
391,1
391,3
391,4
392,1
392,3
392,4
393,1
393,2
393,4
394,0
394,1
394,3
395,0
395,2
395,3
396,0
396,2
396,3
396,5
396,6
397,1
397,3
397,4
397,6
398,0
398,2
398,3
398,5
399,1
399,2
399,4
399,5
400,0
400,2
400,3
400,5
401,0
401,2
401,3
401,5
401,7
401,8
402,1
402,2
402,4
402,6
403,0
403,2
403,3
403,5
403,6
404,1
404,3
404,4
404,6
405,0
405,2
405,4
406,0
406,2
406,3
406,5
407,1
407,2
407,4
408,0
408,2
408,3
409,0
409,2
409,3
409,5
409,6
410,1
410,3
410,4
411,0
411,1
411,3
411,4
412,1
412,3
412,4
413,0
413,1
413,3
413,5
413,6
414,1
414,2
414,4
414,5
415,1
415,3
415,4
415,6
416,0
416,2
416,4
416,5
417,1
417,2
417,4
417,6
418,0
418,2
418,3
418,5
418,6
418,8
419,1
419,2
419,4
420,0
420,2
420,4
420,5
421,0
421,1
421,3
421,4
422,0
422,2
422,3
423,0
423,1
423,3
424,0
424,1
424,3
424,4
424,6
424,7
425,1
425,3
426,2
427,0
427,1
427,3
428,0
428,1
428,3
428,4
428,6
429,0
429,2
429,4
430,0
430,2
430,3
431,0
431,2
431,3
432,0
432,1
432,3
432,5
432,6
433,0
433,1
433,3
433,4
434,1
434,3
434,4
435,0
435,1
435,3
436,0
436,1
436,3
436,4
438,0
438,1
438,3
438,5
438,6
438,8
438,9
439,1
439,3
440,0
440,2
440,3
441,1
441,2
442,0
442,2
442,3
443,1
443,2
444,0
444,2
444,3
445,1
445,2
446,0
446,2
446,3
447,1
447,2
448,0
448,1
448,3
449,1
449,2
450,0
450,1
450,3
450,5
450,6
451,1
451,2
451,4
452,0
452,2
452,4
452,5
452,7
452,8
452,10
453,0
453,1
453,3
453,4
453,6
454,0
454,2
454,4
454,5
455,0
455,1
455,3
456,0
456,1
456,3
456,4
457,0
457,1
457,3
457,5
457,6
458,1
458,2
458,4
459,0
459,1
459,3
459,4
460,0
460,2
460,3
461,0
461,1
461,3
461,4
462,0
462,2
462,3
463,1
463,2
463,4
463,6
463,7
464,1
464,2
465,0
465,1
465,3
466,1
466,2
466,4
466,5
467,0
467,2
467,3
467,5
467,6
468,1
468,2
468,4
469,1
469,2
469,4
469,5
469,7
470,1
470,2
470,4
470,5
471,1
471,3
471,4
472,0
472,1
472,3
472,4
473,0
473,2
473,3
473,5
473,6
474,1
474,3
474,4
475,1
475,2
475,4
475,5
476,1
476,3
476,4
476,6
476,7
477,1
477,3
477,4
478,0
478,1
478,3
478,4
479,0
479,2
479,3
480,1
480,2
480,4
481,0
481,1
481,3
481,4
482,1
482,3
482,4
483,0
483,1
483,3
483,4
484,0
484,2
484,3
484,5
485,0
485,2
485,4
485,5
486,1
486,2
486,4
486,5
487,1
487,3
487,4
488,1
488,2
488,4
489,0
489,1
489,3
489,4
490,0
490,1
490,3
490,5
491,0
491,2
491,3
492,0
492,2
492,3
493,1
493,2
493,4
493,5
493,7
494,1
494,2
494,4
495,0
495,2
495,4
496,0
496,2
496,3
497,0
497,2
497,3
498,0
498,1
498,3
498,4
499,0
499,2
499,3
500,0
500,1
500,3
501,0
501,1
501,3
501,4
502,1
502,2
502,4
503,1
503,2
503,4
504,0
504,2
504,4
505,0
505,2
505,3
505,5
505,6
505,8
505,10
505,11
505,13
505,14
505,16
505,18
505,19
505,21
505,22
505,26
505,27
505,29
505,30
505,32
505,33
505,35
505,37
505,38
505,40
505,43
505,45
505,46
505,49
505,52
505,60
505,58
505,50
505,47
505,44
505,42
505,39
505,36
505,34
505,31
505,28
505,25
505,23
505,20
505,17
505,15
505,12
505,9
505,7
505,4
505,1
504,3
504,1
503,3
503,0
502,3
502,0
501,2
500,4
500,2
499,4
499,1
498,5
498,2
497,4
497,1
496,4
496,1
495,3
495,1
494,3
494,0
493,6
493,3
493,0
492,1
491,4
491,1
490,4
490,2
489,5
489,2
488,5
488,3
488,0
487,2
487,0
486,3
486,0
485,3
485,1
484,4
484,1
483,5
483,2
482,5
482,2
482,0
481,2
480,5
480,3
480,0
479,1
478,5
478,2
477,5
477,2
477,0
476,5
476,2
476,0
475,3
475,0
474,2
474,0
473,4
473,1
472,5
472,2
471,5
471,2
471,0
470,3
470,0
469,6
469,3
469,0
468,3
468,0
467,4
467,1
466,6
466,3
466,0
465,2
464,3
464,0
463,5
463,3
463,0
462,1
461,5
461,2
460,4
460,1
459,5
459,2
458,5
458,3
458,0
457,4
457,2
456,5
456,2
455,4
455,2
454,6
454,3
454,1
453,5
453,2
452,11
452,9
452,6
452,3
452,1
451,3
451,0
450,4
450,2
449,3
449,0
448,2
447,3
447,0
446,1
445,3
445,0
444,1
443,3
443,0
442,1
441,3
441,0
440,1
439,2
439,0
438,7
438,4
438,2
436,5
436,2
435,4
435,2
434,5
434,2
434,0
433,2
432,7
432,4
432,2
431,4
431,1
430,4
430,1
429,3
429,1
428,5
428,2
427,4
427,2
425,2
425,0
424,5
424,2
423,4
423,2
422,4
422,1
421,5
421,2
420,6
420,3
420,1
419,3
419,0
418,7
418,4
418,1
417,5
417,3
417,0
416,3
416,1
415,5
415,2
415,0
414,3
414,0
413,4
413,2
412,5
412,2
412,0
411,2
410,5
410,2
410,0
409,4
409,1
408,4
408,1
407,3
407,0
406,4
406,1
405,3
405,1
404,5
404,2
404,0
403,4
403,1
402,5
402,3
402,0
401,6
401,4
401,1
400,4
400,1
399,6
399,3
399,0
398,4
398,1
397,5
397,2
397,0
396,4
396,1
395,4
395,1
394,2
393,5
393,3
393,0
392,2
392,0
391,2
390,5
390,3
390,0
389,3
389,0
388,3
388,0
387,2
387,0
386,3
386,0
385,4
385,2
384,3
384,0
383,3
383,0
382,3
382,0
381,5
381,2
380,5
380,3
380,0
379,4
379,2
378,5
378,2
377,6
377,4
377,1
376,4
376,2
375,7
375,4
375,1
374,4
374,1
373,3
373,1
372,3
372,0
371,3
371,1
370,3
370,0
369,3
369,0
368,3
368,1
367,7
367,4
367,1
366,6
366,3
366,0
365,3
365,0
364,3
364,0
363,4
363,1
362,3
362,1
361,3
361,0
360,3
360,1
359,3
359,0
358,6
358,3
358,0
357,2
357,0
356,4
356,1
355,4
355,1
354,3
354,1
353,5
353,2
352,6
352,4
352,1
351,4
351,2
350,5
350,2
349,7
349,5
349,2
348,5
348,3
348,0
347,2
346,4
346,2
345,4
345,1
344,4
344,1
343,4
343,2
342,8
342,5
342,2
342,0
341,2
340,3
340,1
339,4
339,1
338,3
338,1
337,3
337,0
336,5
336,2
335,4
335,1
334,6
334,3
334,0
333,6
333,3
333,0
332,2
332,0
331,5
331,2
331,0
330,4
330,1
329,6
329,3
329,0
328,4
328,2
327,9
327,6
327,4
327,1
326,6
326,3
326,1
325,3
325,0
324,3
324,0
323,3
323,0
322,5
322,2
321,6
321,4
321,1
320,4
320,2
319,6
319,3
319,0
318,4
318,1
317,3
317,1
316,3
316,0
315,3
315,1
314,4
314,1
313,5
313,2
312,4
312,1
311,6
311,3
311,0
310,3
310,0
309,2
308,8
308,6
308,3
308,0
307,6
307,3
307,0
306,6
306,3
306,0
305,2
305,0
304,2
303,4
303,2
302,7
302,4
302,1
301,7
301,4
301,1
300,3
300,0
299,3
299,0
298,6
298,3
298,0
297,3
297,0
296,4
296,2
295,6
295,3
295,0
294,4
294,1
293,6
293,4
293,1
292,6
292,3
292,1
291,7
291,4
291,2
290,5
290,2
289,4
289,2
288,4
288,1
287,4
287,1
286,4
286,2
285,4
285,1
284,4
284,2
283,4
283,1
282,4
282,1
281,3
281,0
280,3
280,0
279,2
279,0
278,2
277,4
277,1
276,4
276,1
275,3
275,1
274,3
274,0
273,2
273,0
272,2
271,4
271,2
270,6
270,3
270,1
269,3
269,0
268,2
268,0
267,2
266,5
266,3
266,0
265,3
265,0
264,3
264,0
263,2
263,0
262,3
262,0
261,3
261,1
260,3
260,0
259,3
259,0
258,2
258,0
257,1
256,6
256,3
256,1
255,5
255,2
255,0
254,4
254,1
253,5
253,3
253,0
252,4
252,2
251,6
251,3
251,0
250,3
250,0
249,5
249,3
249,0
248,2
247,4
247,2
246,8
246,5
246,3
246,0
245,2
245,0
244,3
244,0
243,3
243,1
242,4
242,1
241,4
241,1
240,8
240,5
240,3
240,0
239,3
239,1
238,4
238,1
237,5
237,3
237,0
236,3
236,1
235,5
235,2
235,0
234,3
234,0
233,4
233,2
232,5
232,2
232,0
231,4
231,1
230,4
230,2
229,5
229,2
229,0
228,4
228,1
227,4
227,2
226,5
226,2
226,0
225,4
225,1
224,5
224,3
224,0
223,3
223,1
222,2
221,5
221,3
221,0
220,6
220,3
220,1
219,5
219,2
219,0
218,3
218,0
217,5
217,3
217,0
216,3
216,1
215,4
215,1
214,4
214,2
213,5
213,2
213,0
212,4
212,1
211,6
211,3
211,0
210,4
210,2
209,5
209,2
209,0
208,5
208,2
207,8
207,6
207,3
207,0
206,6
206,3
206,0
205,3
205,1
204,6
204,3
204,1
203,3
203,0
202,4
202,1
201,3
201,0
200,5
200,2
199,6
199,4
199,1
198,3
198,0
197,5
197,2
196,4
196,2
195,6
195,3
195,0
194,5
194,2
193,6
193,4
193,1
192,3
192,0
191,4
191,1
190,3
190,1
189,6
189,3
189,1
188,5
188,2
187,7
187,5
187,2
186,4
186,2
185,6
185,3
185,0
184,5
184,2
183,4
183,2
182,6
182,3
182,0
181,6
181,3
181,0
180,4
180,1
179,4
179,2
178,7
178,4
178,1
177,5
177,2
176,5
176,3
176,0
175,4
175,1
174,5
174,2
173,7
173,5
173,2
172,3
172,0
171,2
170,7
170,4
170,2
169,4
169,1
168,4
168,2
167,9
167,6
167,4
167,1
166,4
166,2
165,7
165,1
164,14
164,11
164,8
164,6
164,3
164,0
163,2
163,0
162,3
162,0
161,5
161,2
160,6
160,3
160,1
159,3
159,0
158,3
158,0
157,1
156,5
156,2
155,3
155,0
154,5
154,2
153,5
153,3
153,0
152,9
152,6
152,4
152,1
151,2
151,0
150,2
149,5
149,2
149,0
148,4
148,1
147,5
147,2
146,5
146,2
146,0
145,1
144,4
144,2
143,5
143,2
143,0
142,2
141,5
141,2
141,0
140,4
140,1
139,4
139,1
138,4
138,1
137,6
137,3
137,0
136,4
136,1
135,4
135,1
134,7
134,4
134,1
133,4
133,1
132,6
132,4
132,1
131,4
131,1
130,3
130,0
129,5
129,3
129,0
128,2
127,12
127,10
127,7
127,4
127,2
126,11
126,8
126,5
126,3
126,0
125,7
125,5
125,2
124,9
124,7
124,4
124,1
123,8
123,6
123,3
123,0
122,11
122,8
122,5
122,2
122,0
121,3
121,0
120,5
120,2
119,7
119,4
119,2
118,5
118,2
118,0
117,2
116,4
116,1
115,4
115,1
114,5
114,3
114,0
113,2
113,0
112,2
111,3
111,0
110,2
109,4
109,1
108,4
108,1
107,3
107,0
106,4
106,1
105,2
105,0
104,2
103,4
103,1
102,4
102,1
101,3
101,1
100,5
100,2
100,0
99,5
99,2
98,4
98,2
97,4
97,1
96,4
96,1
95,5
95,2
95,0
94,4
94,1
93,5
93,2
92,6
92,3
92,1
91,6
91,3
91,1
90,6
90,3
90,0
89,3
89,0
88,1
87,3
87,0
86,3
86,1
85,5
85,2
84,41
84,39
84,36
84,31
84,28
84,25
84,22
84,20
84,17
84,14
84,9
84,6
84,3
84,1
83,9
83,6
83,4
83,1
82,5
82,3
82,0
81,4
81,1
80,6
80,3
80,0
79,5
79,2
78,11
78,6
78,3
78,0
77,2
76,6
76,3
76,0
75,4
75,1
74,9
74,7
74,4
74,1
73,6
73,4
73,1
72,6
72,4
72,1
71,6
71,4
71,1
70,5
70,2
70,0
69,4
69,1
68,6
68,3
68,0
67,7
67,5
67,2
66,5
66,3
66,0
65,2
64,6
64,4
64,1
63,4
63,2
62,18
62,15
62,13
62,10
62,7
62,4
62,2
61,8
61,5
61,3
61,0
60,2
59,4
59,2
58,6
58,3
58,1
57,5
57,2
56,6
56,4
56,1
55,4
55,2
54,6
54,3
54,1
53,4
53,1
52,4
52,2
51,7
51,4
51,2
50,6
50,3
50,0
49,6
49,3
49,0
48,5
48,2
47,4
47,1
46,3
46,0
45,6
45,4
45,1
44,3
44,0
43,14
43,11
43,8
43,6
43,3
43,0
42,4
42,1
41,4
41,1
40,5
40,2
39,4
39,2
38,4
38,1
37,4
37,2
36,9
36,6
36,4
36,1
35,6
35,3
35,1
34,5
34,2
34,0
33,5
33,2
33,0
32,6
32,3
32,0
31,3
31,0
30,4
30,2
29,4
29,1
28,7
28,5
28,2
27,25
27,23
27,17
27,14
27,12
27,9
27,6
27,4
27,1
26,20
26,15
26,12
26,9
26,7
26,4
26,1
25,22
25,19
25,16
25,13
25,11
25,8
25,5
25,3
25,0
24,7
24,4
24,2
4,3
4,0
3,5
3,2
2,131
2,128
2,126
2,123
2,120
2,118
2,115
2,112
2,110
2,107
2,104
2,101
2,99
2,96
2,93
2,91
2,88
2,85
2,82
2,80
2,77
2,74
2,72
2,69
2,66
2,35
2,33
2,30
2,27
2,25
2,22
2,19
0,435
0,276
0,275
0,381
0,274
0,370
0,273
0,341
0,272
0,377
0,271
0,402
0,270
0,416
0,269
0,398
0,268
0,397
0,267
0,369
0,266
0,384
0,265
0,395
0,264
0,313
0,263
0,421
0,262
0,490
0,261
0,466
0,260
0,386
0,259
0,366
0,258
0,420
0,257
0,345
0,256
0,470
0,255
0,332
0,254
0,350
0,253
0,320
0,252
0,500
0,251
0,452
0,250
0,249
0,399
0,248
0,379
0,247
0,344
0,246
0,392
0,245
0,473
0,244
0,330
0,242
0,349
0,241
0,240
0,407
0,239
0,346
0,238
0,480
0,237
0,323
0,236
0,343
0,235
0,499
0,234
0,510
0,233
0,440
0,232
0,342
0,231
0,324
0,230
0,481
0,229
0,468
0,228
0,415
0,227
0,498
0,226
0,382
0,225
0,406
0,224
0,495
0,223
0,413
0,222
0,414
0,221
0,333
0,220
0,469
0,219
0,218
0,338
0,217
0,408
0,216
0,215
0,385
0,214
0,509
0,213
0,339
0,212
0,365
0,211
0,306
0,210
0,209
0,423
0,208
0,337
0,207
0,494
0,206
0,329
0,205
0,335
0,204
0,363
0,203
0,438
0,202
0,328
0,201
0,394
0,200
0,362
0,199
0,327
0,198
0,312
0,197
0,487
0,196
0,471
0,195
0,436
0,194
0,429
0,193
0,361
0,192
0,472
0,63
0,315
0,62
0,427
0,61
0,314
0,60
0,354
0,59
0,503
0,58
0,368
0,57
0,405
0,56
0,378
0,55
0,506
0,54
0,301
0,53
0,52
0,404
0,51
0,326
0,50
0,508
0,49
0,352
0,48
0,47
0,502
0,46
0,489
0,45
0,319
0,6
0,5
0,1
0,430
0,11
0,4
0,2
0,3
0,7
